,Time (min),Valve Position (% open),Temperature (degC)
0,0,0,3.6
1,5,0,3.7
2,10,0,3.6
3,15,0,3.7
4,20,0,3.6
5,25,0,3.7
6,30,0,3.7
7,35,0,3.6
8,40,0,3.6
9,45,0,3.6
10,50,0,3.6
11,55,0,3.7
12,60,0,3.7
13,65,0,3.7
14,70,0,3.7
15,75,0,3.5
16,80,0,3.6
17,85,0,3.7
18,90,0,3.5
19,95,0,3.6
20,100,0,3.5
21,105,0,3.7
22,110,0,3.6
23,115,0,3.7
24,120,0,3.6
25,125,0,3.7
26,130,0,3.7
27,135,0,3.7
28,140,0,3.7
29,145,0,3.7
30,150,0,3.7
31,155,0,3.5
32,160,0,3.6
33,165,0,3.6
34,170,0,3.6
35,175,0,3.7
36,180,0,3.6
37,185,0,3.6
38,190,0,3.7
39,195,0,3.6
40,200,0,3.5
41,205,0,3.6
42,210,0,3.5
43,215,0,3.7
44,220,0,3.6
45,225,0,3.5
46,230,0,3.7
47,235,0,3.7
48,240,0,3.6
49,245,0,3.7
50,250,0,3.5
51,255,0,3.7
52,260,0,3.7
53,265,0,3.6
54,270,0,3.6
55,275,0,3.7
56,280,0,3.7
57,285,0,3.7
58,290,0,3.5
59,295,0,3.7
60,300,0,3.5
61,305,0,3.5
62,310,0,3.7
63,315,0,3.6
64,320,0,3.7
65,325,0,3.6
66,330,0,3.7
67,335,0,3.5
68,340,0,3.5
69,345,0,3.5
70,350,0,3.7
71,355,0,3.7
72,360,0,3.6
73,365,0,3.6
74,370,0,3.7
75,375,0,3.5
76,380,0,3.7
77,385,0,3.5
78,390,0,3.7
79,395,0,3.6
80,400,100,3.7
81,405,100,14.9
82,410,100,18.2
83,415,100,19.2
84,420,100,19.9
85,425,100,20.1
86,430,100,20.8
87,435,100,21.0
88,440,100,21.3
89,445,100,21.4
90,450,100,21.5
91,455,100,22.0
92,460,100,21.8
93,465,100,21.8
94,470,100,21.9
95,475,100,21.5
96,480,100,21.7
97,485,100,21.2
98,490,100,20.7
99,495,100,20.3
100,500,100,20.3
101,505,100,20.1
102,510,100,21.2
103,515,100,22.8
104,520,100,23.9
105,525,100,24.2
106,530,100,24.9
107,535,100,25.7
108,540,100,26.4
109,545,100,26.5
110,550,100,26.7
111,555,100,27.3
112,560,100,27.6
113,565,100,27.5
114,570,100,27.5
115,575,100,27.7
116,580,100,27.8
117,585,100,27.8
118,590,100,27.9
119,595,100,27.9
120,600,100,28.0
121,605,100,28.2
122,610,100,28.2
123,615,100,28.5
124,620,100,28.7
125,625,100,28.9
126,630,100,29.0
127,635,100,29.2
128,640,100,29.7
129,645,100,29.8
130,650,100,30.1
131,655,100,30.4
132,660,100,30.5
133,665,100,30.9
134,670,100,31.6
135,675,100,31.8
136,680,100,32.2
137,685,100,32.7
138,690,100,32.8
139,695,100,33.0
140,700,100,33.4
141,705,100,33.8
142,710,100,34.0
143,715,100,34.6
144,720,100,34.8
145,725,100,35.2
146,730,100,35.4
147,735,100,35.7
148,740,100,36.0
149,745,100,36.6
150,750,100,36.8
151,755,100,36.9
152,760,100,37.3
153,765,100,37.5
154,770,100,37.7
155,775,100,37.9
156,780,100,37.9
157,785,100,38.3
158,790,100,38.2
159,795,100,38.4
160,800,100,38.7
161,805,100,38.8
162,810,100,39.1
163,815,100,39.2
164,820,100,39.2
165,825,100,39.4
166,830,100,39.4
167,835,100,39.3
168,840,100,39.5
169,845,100,39.5
170,850,100,39.7
171,855,100,39.7
172,860,100,39.8
173,865,100,40.1
174,870,100,39.9
175,875,100,40.1
176,880,100,40.0
177,885,100,40.2
178,890,100,40.1
179,895,100,40.3
180,900,100,40.3
181,905,100,40.2
182,910,100,40.1
183,915,100,40.1
184,920,100,40.1
185,925,100,40.2
186,930,100,40.3
187,935,100,40.4
188,940,100,40.4
189,945,100,40.8
190,950,100,40.8
191,955,100,40.8
192,960,100,40.7
193,965,100,40.9
194,970,100,41.0
195,975,100,41.2
196,980,100,41.3
197,985,100,41.3
198,990,100,41.3
199,995,100,41.3
200,1000,100,41.4
201,1005,100,41.7
202,1010,100,41.7
203,1015,100,41.6
204,1020,100,41.8
205,1025,100,41.6
206,1030,100,41.7
207,1035,100,41.8
208,1040,100,41.9
209,1045,100,42.0
210,1050,100,42.1
211,1055,100,42.0
212,1060,100,42.2
213,1065,100,42.1
214,1070,100,42.4
215,1075,100,42.4
216,1080,100,42.6
217,1085,100,42.7
218,1090,100,42.7
219,1095,100,42.9
220,1100,100,43.0
221,1105,100,43.0
222,1110,100,43.1
223,1115,100,43.2
224,1120,100,43.4
225,1125,100,43.4
226,1130,100,43.5
227,1135,100,43.4
228,1140,100,43.5
229,1145,100,43.8
230,1150,100,43.8
231,1155,100,43.8
232,1160,100,44.0
233,1165,100,44.0
234,1170,100,44.0
235,1175,100,44.1
236,1180,100,44.1
237,1185,100,44.2
238,1190,100,44.3
239,1195,100,44.2
240,1200,100,44.4
241,1205,100,44.4
242,1210,100,44.3
243,1215,100,44.4
244,1220,100,44.2
245,1225,100,44.2
246,1230,100,44.0
247,1235,100,44.1
248,1240,100,43.9
249,1245,100,43.9
250,1250,100,43.8
251,1255,100,44.0
252,1260,100,44.0
253,1265,100,43.8
254,1270,100,43.9
255,1275,100,43.9
256,1280,100,44.0
257,1285,100,44.0
258,1290,100,44.1
259,1295,100,44.1
260,1300,100,44.2
261,1305,100,43.9
262,1310,100,43.9
263,1315,100,44.0
264,1320,100,43.8
265,1325,100,43.9
266,1330,100,43.8
267,1335,100,43.9
268,1340,100,43.8
269,1345,100,43.6
270,1350,100,43.7
271,1355,100,43.7
272,1360,100,43.8
273,1365,100,43.7
274,1370,100,43.6
275,1375,100,43.8
276,1380,100,43.6
277,1385,100,43.7
278,1390,100,43.4
279,1395,100,43.4
280,1400,100,43.5
281,1405,100,43.4
282,1410,100,43.4
283,1415,100,43.6
284,1420,100,43.7
285,1425,100,43.6
286,1430,100,43.6
287,1435,100,43.5
288,1440,100,43.5
289,1445,100,43.6
290,1450,100,43.6
291,1455,100,43.5
292,1460,100,43.4
293,1465,100,43.6
294,1470,100,43.6
295,1475,100,43.6
296,1480,100,43.6
297,1485,100,43.7
298,1490,100,43.7
299,1495,100,43.7
300,1500,100,43.7
301,1505,100,43.6
302,1510,100,43.6
303,1515,100,43.7
304,1520,100,43.7
305,1525,100,43.5
306,1530,100,43.5
307,1535,100,43.7
308,1540,100,43.8
309,1545,100,43.7
310,1550,100,43.8
311,1555,100,43.8
312,1560,100,43.8
313,1565,100,43.8
314,1570,100,43.9
315,1575,100,44.0
316,1580,100,43.8
317,1585,100,43.9
318,1590,100,44.0
319,1595,100,44.1
320,1600,100,44.1
321,1605,100,44.1
322,1610,100,44.2
323,1615,100,44.0
324,1620,100,44.1
325,1625,100,44.0
326,1630,100,44.0
327,1635,100,44.1
328,1640,100,44.1
329,1645,100,44.2
330,1650,100,44.2
331,1655,100,44.2
332,1660,100,44.2
333,1665,100,44.1
334,1670,100,44.3
335,1675,100,44.3
336,1680,100,44.3
337,1685,100,44.5
338,1690,100,44.5
339,1695,100,44.5
340,1700,100,44.5
341,1705,100,44.5
342,1710,100,44.6
343,1715,100,44.7
344,1720,100,44.5
345,1725,100,44.7
346,1730,100,44.7
347,1735,100,44.9
348,1740,100,44.8
349,1745,100,45.0
350,1750,100,44.8
351,1755,100,44.9
352,1760,100,44.9
353,1765,100,45.0
354,1770,100,45.1
355,1775,100,45.1
356,1780,100,45.1
357,1785,100,45.2
358,1790,100,45.1
359,1795,100,45.2
360,1800,100,45.2
361,1805,100,45.3
362,1810,100,45.3
363,1815,100,45.2
364,1820,100,45.3
365,1825,100,45.2
366,1830,100,45.2
367,1835,100,45.3
368,1840,100,45.3
369,1845,100,45.2
370,1850,100,45.3
371,1855,100,45.2
372,1860,100,45.4
373,1865,100,45.4
374,1870,100,45.2
375,1875,100,45.4
376,1880,100,45.3
377,1885,100,45.4
378,1890,100,45.4
379,1895,100,45.2
380,1900,100,45.1
381,1905,100,45.2
382,1910,100,45.1
383,1915,100,45.3
384,1920,100,45.1
385,1925,100,45.2
386,1930,100,45.2
387,1935,100,45.0
388,1940,100,45.0
389,1945,100,45.1
390,1950,100,45.2
391,1955,100,45.0
392,1960,100,45.2
393,1965,100,45.3
394,1970,100,45.2
395,1975,100,45.3
396,1980,100,45.1
397,1985,100,45.2
398,1990,100,45.3
399,1995,100,45.3
400,2000,100,45.3
401,2005,100,45.3
402,2010,100,45.2
403,2015,100,45.3
404,2020,100,45.1
405,2025,100,45.3
406,2030,100,45.2
407,2035,100,45.2
408,2040,100,45.4
409,2045,100,45.2
410,2050,100,45.3
411,2055,100,45.4
412,2060,100,45.5
413,2065,100,45.4
414,2070,100,45.4
415,2075,100,45.3
416,2080,100,45.4
417,2085,100,45.3
418,2090,100,45.5
419,2095,100,45.4
420,2100,100,45.5
421,2105,100,45.3
422,2110,100,45.5
423,2115,100,45.5
424,2120,100,45.5
425,2125,100,45.3
426,2130,100,45.4
427,2135,100,45.4
428,2140,100,45.4
429,2145,100,45.5
430,2150,100,45.3
431,2155,100,45.5
432,2160,100,45.4
433,2165,100,45.5
434,2170,100,45.3
435,2175,100,45.5
436,2180,100,45.5
437,2185,100,45.5
438,2190,100,45.5
439,2195,100,45.4
440,2200,100,45.5
441,2205,100,45.3
442,2210,100,45.4
443,2215,100,45.4
444,2220,100,45.5
445,2225,100,45.3
446,2230,100,45.3
447,2235,100,45.4
448,2240,100,45.5
449,2245,100,45.5
450,2250,100,45.5
451,2255,100,45.5
452,2260,100,45.5
453,2265,100,45.5
454,2270,100,45.5
455,2275,100,45.6
456,2280,100,45.5
457,2285,100,45.6
458,2290,100,45.5
459,2295,100,45.5
460,2300,100,45.5
461,2305,100,45.5
462,2310,100,45.6
463,2315,100,45.6
464,2320,100,45.7
465,2325,100,45.5
466,2330,100,45.6
467,2335,100,45.6
468,2340,100,45.7
469,2345,100,45.8
470,2350,100,45.7
471,2355,100,45.7
472,2360,100,45.6
473,2365,100,45.8
474,2370,100,45.7
475,2375,100,45.9
476,2380,100,45.8
477,2385,100,45.8
478,2390,100,45.7
479,2395,100,45.6
480,2400,100,45.9
481,2405,100,45.7
482,2410,100,45.7
483,2415,100,45.7
484,2420,100,45.7
485,2425,100,45.8
486,2430,100,45.9
487,2435,100,45.8
488,2440,100,45.7
489,2445,100,45.9
490,2450,100,45.8
491,2455,100,45.7
492,2460,100,45.9
493,2465,100,45.9
494,2470,100,45.9
495,2475,100,45.9
496,2480,100,45.7
497,2485,100,45.8
498,2490,100,45.7
499,2495,100,45.7
500,2500,100,45.9
501,2505,100,45.8
502,2510,100,45.9
503,2515,100,45.8
504,2520,100,45.7
505,2525,100,45.7
506,2530,100,45.9
507,2535,100,45.8
508,2540,100,45.9
509,2545,100,45.9
510,2550,100,45.9
511,2555,100,45.7
512,2560,100,46.0
513,2565,100,45.8
514,2570,100,45.8
515,2575,100,45.9
516,2580,100,46.0
517,2585,100,45.8
518,2590,100,46.0
519,2595,100,45.8
520,2600,100,45.8
521,2605,100,45.9
522,2610,100,46.0
523,2615,100,46.0
524,2620,100,45.9
525,2625,100,46.0
526,2630,100,46.1
527,2635,100,45.9
528,2640,100,46.0
529,2645,100,46.0
530,2650,100,45.9
531,2655,100,46.0
532,2660,100,46.0
533,2665,100,46.0
534,2670,100,46.0
535,2675,100,46.1
536,2680,100,46.0
537,2685,100,46.1
538,2690,100,46.1
539,2695,100,46.0
540,2700,100,45.9
541,2705,100,46.1
542,2710,100,45.9
543,2715,100,46.1
544,2720,100,46.0
545,2725,100,46.0
546,2730,100,46.1
547,2735,100,46.0
548,2740,100,46.0
549,2745,100,46.0
550,2750,100,46.0
551,2755,100,46.0
552,2760,100,46.0
553,2765,100,45.8
554,2770,100,46.0
555,2775,100,46.0
556,2780,100,45.8
557,2785,100,45.9
558,2790,100,45.9
559,2795,100,45.9
560,2800,100,45.9
561,2805,100,46.0
562,2810,100,46.0
563,2815,100,46.0
564,2820,100,46.0
565,2825,100,46.0
566,2830,100,45.9
567,2835,100,45.9
568,2840,100,45.9
569,2845,100,45.9
570,2850,100,45.9
571,2855,100,46.0
572,2860,100,46.0
573,2865,100,45.9
574,2870,100,45.8
575,2875,100,45.8
576,2880,100,46.1
577,2885,100,46.0
578,2890,100,46.1
579,2895,100,45.9
580,2900,100,46.1
581,2905,100,45.9
582,2910,100,46.1
583,2915,100,45.9
584,2920,100,46.0
585,2925,100,45.9
586,2930,100,46.1
587,2935,100,46.0
588,2940,100,46.0
589,2945,100,46.1
590,2950,100,46.0
591,2955,100,46.0
592,2960,100,46.1
593,2965,100,46.1
594,2970,100,46.0
595,2975,100,45.9
596,2980,100,46.0
597,2985,100,46.1
598,2990,100,46.0
599,2995,100,46.1
600,3000,100,46.0